10000
21318
18967
18589
16462
27359
13297
17757
13926
29139
22687
19185
27149
11251
17471
28239
12402
7554
7830
23163
24988
29500
770
6313
4094
11159
5296
9122
24139
25929
8975
19048
26507
30474
29317
9757
28015
13467
32096
10017
16609
1287
16655
32123
6368
11817
27538
24698
19339
31086
32047
31131
7547
5597
12903
30382
6998
23380
18984
1845
12705
21268
31812
18701
30422
10623
13346
26704
23479
27937
25524
30329
13793
16110
680
15561
22692
22474
3555
3562
12306
1871
6955
23251
4694
4042
21795
3819
15176
902
29565
30577
9790
1870
875
14875
14884
7725
5206
7933
31695
25208
7379
12717
14990
20494
11219
32165
27394
991
14873
27112
9264
5291
12274
30697
29397
26892
29472
27048
30457
11959
4375
4894
32711
22271
22892
23259
6556
15515
31882
11758
16990
22184
679
27397
14351
7410
12022
2261
5538
367
8990
31676
12813
8972
22252
7845
30111
7596
14404
9005
6548
7022
1886
19716
1511
2863
17199
31893
16743
8273
14884
19689
10253
32698
4886
18632
23437
15903
25211
31522
8747
4994
8153
24238
10192
26617
3969
28881
21853
7602
29817
27585
12863
15412
7866
27626
1092
24807
10651
1169
8620
6359
32398
1975
10628
1973
28682
1344
5679
31
200
17748
24134
28960
11058
16902
6050
19707
15641
25651
20662
19748
7078
1965
5154
14224
915
2713
19078
2350
6554
27670
28308
10678
24366
15904
18282
3233
24426
28339
7454
25464
10311
11315
7066
17746
25617
26891
22442
28569
10012
17045
10835
1036
17843
20282
22119
26634
18001
6106
11350
10509
17428
16493
8263
2677
21870
9195
1639
8327
19230
26474
27009
7349
23390
18566
12240
12063
3422
11014
529
8539
30962
10685
10459
3697
11911
11949
21555
23594
23388
22131
348
22923
32239
8927
29420
9884
16053
16610
28453
18798
16653
26029
14465
5211
119
1815
29839
16784
3585
29503
29950
26569
16899
2931
5879
11356
13836
9809
11441
22137
6940
23852
9535
10160
16404
18610
26284
7603
23658
28875
3657
350
29473
29636
2886
26356
25081
10412
18304
940
28899
16638
21146
31852
30135
11649
17231
4564
24617
19053
17158
19838
16890
5839
30631
5252
10091
31534
16302
17219
21495
25455
29822
13919
14145
12278
9975
25864
11852
16910
2634
28795
25834
10123
268
19659
27511
10670
138
26337
21702
17224
15965
27585
28764
16930
23614
5392
29916
6045
1563
7891
11971
7318
13930
19066
1877
19596
5309
4893
30680
15365
8854
30469
15615
20013
10877
31342
24233
28097
9553
18315
24524
19755
2524
4043
10923
29167
15017
4699
3408
3909
1562
27628
23094
29703
27829
5046
326
4046
8639
10685
13572
21337
31244
31315
28683
28718
15637
23262
28343
15235
3147
17371
28961
14430
21675
19491
22864
3324
32403
26989
31149
26480
20436
6677
10168
5516
13320
23580
26362
21508
24358
5487
16442
6353
32339
20844
6388
23764
27387
30626
7943
10428
5153
24536
7342
26921
4595
26449
18609
19985
6050
27471
26333
14692
14192
19670
19633
235
11531
25010
7770
1910
8729
30396
22498
28982
8468
18264
30372
30568
10840
3650
22275
7987
8058
5003
6747
22484
30940
23518
10552
17400
31102
23816
9670
12905
21783
23479
25225
2541
31845
22146
12622
11372
961
8746
7778
5456
22518
6944
27649
14129
13651
4167
25105
23730
5375
19194
17937
4262
1165
22609
3916
20856
7120
30624
11090
5065
1265
21057
26280
22618
19134
24724
19903
22829
24901
8259
6691
4583
7330
32715
32757
10105
2581
9016
28571
29439
24408
26159
8118
13288
29743
16178
29524
11608
31296
26656
4200
13002
26405
28667
14967
26618
17600
6638
17811
14338
23502
11663
13709
18371
27839
7265
23911
26502
27334
8349
4872
18403
27948
14642
19251
30179
19177
9994
12730
25185
5237
20367
4591
30902
24540
10350
9052
2197
6929
4250
3764
1843
22660
14997
16137
27563
18934
3051
21310
10914
23948
5631
17344
5414
12579
3081
4209
7900
20452
23136
2789
20315
28184
17141
4305
25299
5949
8992
19136
24050
601
18080
17160
6408
142
27613
26877
1641
14831
23919
21604
14355
11410
17636
23851
26768
8678
6846
23383
2846
3655
22460
9021
9998
3792
19291
4597
618
31089
15259
15884
24538
13121
12806
8313
21448
16661
6639
18898
29891
18001
5112
30656
27425
26110
8919
7857
9193
14877
5465
15308
10992
21819
20902
810
28737
582
26056
15939
31938
13983
359
28326
23061
27248
15574
2286
12733
19264
20820
23537
26498
31941
9867
30778
13078
23545
22877
11194
31992
30832
8160
26042
665
14312
11943
5908
1470
22562
836
25251
2853
17136
14346
12792
27755
26768
17688
590
16685
5176
21139
32192
25454
28402
50
13498
4920
9386
17920
2990
32134
24453
21085
12552
10850
3445
2374
12131
5707
9227
2263
28669
31449
22156
22286
16744
2724
29254
7378
13955
9313
21796
4660
29097
16718
12929
32756
12328
8913
6714
31303
10741
859
30215
14551
6558
20115
28939
12300
127
9393
32169
20362
31545
11559
28058
2555
14944
31879
20540
2574
29556
4513
2861
14527
24083
11755
24857
30938
4460
3367
23248
15290
22007
16447
18076
21335
16228
12148
16849
9600
8913
1975
165
9316
15679
5975
18498
12375
7751
24029
20250
18131
11017
21301
30587
8893
19814
10766
6243
12778
9071
4482
18581
994
17180
14842
24556
5604
26178
8524
8944
8234
4799
27175
19623
18541
4855
17073
27310
23980
21125
7790
16263
298
29482
18276
7989
24758
11785
2685
31238
26158
21783
812
2481
70
2253
19027
21664
26758
30240
3173
31631
2706
12466
19144
1366
28846
32074
19581
7427
22913
8322
514
30252
23321
1471
24695
19332
14128
21094
30721
11179
17582
14669
18796
2123
4719
8816
7956
15200
10053
31462
27909
30423
833
16659
31841
21083
17966
8478
26114
27500
8031
13733
8289
19377
27307
16560
9398
2447
7861
28900
28513
22266
28785
1786
24457
29323
20451
28527
14851
11987
8746
9340
21365
1008
23742
27720
9659
24413
26102
18269
21641
9743
24269
9048
25938
7357
14821
9701
11881
10879
17356
9195
16743
10650
127
6404
21708
15002
556
13104
28905
19874
7484
18122
25597
22017
7569
16059
16798
23557
24844
23789
29018
24852
31571
24323
4255
18936
18129
23367
11224
17275
1790
27107
4825
21812
32736
28245
19581
5792
9938
5405
28045
14965
20612
22968
22244
25650
67
10450
7889
31739
15482
29368
10685
29860
3193
16908
13838
14348
886
10940
24395
11692
31953
9524
23680
3951
28061
10707
32228
196
28507
8348
11705
7154
26632
31023
30836
27053
29531
32503
24606
30438
29000
15780
32506
31975
24008
2524
15720
20382
21980
557
7945
1593
28111
7239
27428
4596
15548
4712
13384
14127
16721
17687
819
7364
978
25877
10483
26007
6497
31121
31819
2159
27772
5787
1624
23044
28359
22491
25204
32089
6156
29571
21851
11851
22144
31106
24461
6762
21576
4859
20211
15369
13883
22005
5060
27537
14314
340
23722
6939
18653
13576
15905
28733
3872
31364
26912
12323
29439
12657
13564
12770
6157
13476
137
19210
26475
19278
11906
27258
3910
14963
16683
21881
7074
2718
22836
15106
3158
21970
7137
4446
3160
12739
17512
29177
11835
2630
25755
26478
20982
7
6342
25060
6119
8058
13019
17821
1304
1044
8396
18380
15552
15290
4665
3495
29453
32378
8523
16830
32032
3705
736
5003
8794
21548
488
21834
4822
2763
18958
11275
10038
4355
17820
1541
19875
12780
4760
19245
18447
31290
21299
31751
8125
28087
23909
12988
29188
12529
3537
14958
31312
31535
16878
12488
32105
25770
15720
26073
31224
25850
32452
28194
16967
5583
18244
6893
25416
3553
23050
19681
31961
26666
13951
21716
28486
19282
20982
22240
527
1387
5261
25529
26604
4062
7508
15421
17423
4005
4530
29517
5289
9659
31748
25052
9903
9169
32134
8517
30430
31043
22391
32738
9213
27722
3960
9178
22114
29555
13110
20538
16567
17232
32584
72
7678
25709
27995
19732
20691
25989
28044
20815
2033
32246
20245
32608
3064
13427
7212
7605
6766
24057
27944
23895
29187
2308
30438
16066
29721
10498
22635
14579
32643
5640
27594
22210
26765
13508
7752
15986
12861
23219
5055
22407
27865
17043
6464
727
23977
9500
11004
6372
21502
18923
4453
8809
20340
9407
22928
32563
23411
21223
11486
28466
17404
3323
19419
12752
1954
24779
12390
12161
10966
18325
6931
24988
20584
27771
4045
27753
15179
14131
1472
8059
7577
28417
20086
20544
22742
2530
30783
17110
4985
31754
12247
5408
18344
7057
25923
24602
12100
27754
14332
873
12581
26772
28239
20279
13223
6292
31748
61
30821
4130
23614
16929
25924
8995
17058
11267
24244
26327
26555
27475
5938
21332
29853
4325
30737
6451
20937
13383
1915
32649
23889
24914
28595
24089
19517
1023
2972
1991
15148
18044
7295
14672
12863
5503
3337
24633
8242
16091
26003
19973
4300
24145
21927
11179
8826
3240
30399
16711
32567
1279
11343
26128
23726
13411
17670
11402
18339
26525
16721
7933
16015
2893
25378
8229
24458
12861
27375
17451
11630
21999
9725
13780
12346
1400
12766
31737
29876
30353
6457
13111
12115
11500
11721
4071
1627
11204
17320
15440
18250
26040
12750
26396
2931
24281
15316
5641
4073
13570
18686
4321
17566
616
3193
30892
22220
20081
737
24356
14996
202
26887
29289
30694
2740
4080
4342
16032
15006
12833
22996
1530
28153
11801
3341
15137
5448
18976
20580
17186
15990
25919
11331
21514
6509
14736
21749
26955
10980
5048
5141
22370
8568
9137
26183
17079
255
19149
8486
32197
6169
2807
13693
4730
29703
31548
25017
31457
18113
25995
26782
19710
29506
29113
8250
24058
13351
456
27927
8320
4216
9065
32181
16998
4806
15039
23095
19856
30326
19046
7261
20497
16220
31924
25522
20372
28556
21055
23047
3067
20332
6559
23583
21829
31758
5237
6828
30901
12221
28076
18298
2352
30934
25854
8939
1768
21210
21434
32163
10807
21952
28357
644
21965
28560
27103
23773
29710
23597
24616
3806
17334
20338
9699
3152
22463
1409
26489
28035
20100
11608
14785
20103
1062
24998
32638
11934
17455
9180
18474
25586
15989
3462
3058
30596
17218
11228
26881
32101
2737
14740
17921
15656
2907
11003
32223
16023
9267
16452
30927
3749
7599
4640
22161
20644
17961
19599
3570
28600
11652
3061
9621
1164
17426
4208
27123
17219
24757
15209
17569
1458
29253
2921
6354
17868
24626
2606
18716
7261
24171
24831
19071
6140
14462
1852
26787
58
22528
16185
8033
22816
2607
21836
11653
15065
18646
21797
17618
20907
2673
10590
31559
6700
23954
22867
24993
11698
21379
22836
25377
13067
32301
8281
21135
18286
1336
31189
18559
29618
5748
17229
14035
446
13688
3595
21889
17985
11913
22094
19607
12963
12477
17636
16252
17211
21343
12027
7544
7618
2710
18485
23414
29703
20290
15098
31497
32485
32295
6930
686
9586
12877
26227
19281
9338
7846
2135
18194
18988
10994
4754
9544
6674
22496
8483
30662
27975
11894
7177
15710
25316
16050
19288
30116
13499
29042
29067
8692
17480
12689
24604
22455
29668
12371
14930
18401
8252
18691
23131
24510
19970
18394
3226
26351
24546
6179
5442
16048
26808
7581
13348
9820
28160
15649
6853
10546
11917
22660
2228
6489
16767
16831
538
15394
8559
26957
21651
2958
30700
19413
24124
12560
15659
25353
19214
7571
32762
7630
15466
25279
27126
9117
3828
12664
21502
26409
12965
8616
32487
19522
18716
10047
17521
25849
32309
22648
21626
2565
20189
26973
21106
21093
12837
141
26383
11847
22677
18749
6722
10537
30146
26237
2409
5950
18466
11196
19910
12819
21280
16015
10032
26738
32620
1454
16136
25991
5525
2367
5999
4929
18137
10328
31414
7163
14396
18367
32534
12124
17367
24052
29346
3707
25715
113
17273
9031
32598
22064
14400
10023
93
4974
3280
7389
31819
25263
18219
8624
19809
24322
22709
22986
24111
902
24481
31711
5801
13357
7337
16399
8061
17344
28930
13838
28580
6947
30863
18050
22583
26075
5205
25516
645
26573
31023
11595
5218
24648
5826
3005
28354
7750
27316
1640
14982
10735
5145
22872
14229
10079
15150
3625
559
22185
8522
7208
17022
21788
27921
21429
31342
965
1771
6380
26047
14132
6581
12676
8281
5251
2998
10742
1759
16277
980
5602
1414
16028
20231
12207
18728
14046
14863
7027
1684
26296
13154
20754
19497
227
18793
29097
4515
19702
22763
3117
31284
12588
32714
5455
31959
2408
10221
5795
26337
28534
15997
22786
27864
22676
27476
3629
15753
11313
23730
15794
19285
14324
31538
30996
16332
9472
6653
6950
19837
21111
30526
5816
21515
14652
8406
6261
2692
15614
4432
12
9199
3698
6423
29838
8740
735
26598
6167
19169
1248
19073
7857
29465
614
28835
19573
5263
31740
20279
7924
24996
6479
29386
9685
19309
26349
22081
20159
11785
8525
4551
10361
5938
12560
30218
24911
23313
15494
26535
1208
27479
29300
3810
15415
9353
29204
12187
6015
1435
29790
15742
8154
1473
6790
121
15051
31874
1478
23923
8178
20494
7261
5947
26161
24017
8152
7102
27661
20808
30864
12670
8023
23828
23156
6463
26635
2637
9992
30723
14968
4632
12462
7481
5281
30076
17189
31026
27364
18289
5455
22484
18393
23866
2103
13202
9085
22773
22354
13468
13712
17009
7685
12370
18235
8767
22120
15615
18422
21260
13642
11716
10665
32046
1909
2770
18449
28796
29746
23004
24422
20579
18704
19149
22075
17974
13026
7350
24229
11718
2055
20234
12959
28723
2030
29453
28589
257
13272
12682
21952
12654
9440
22724
27994
19971
825
1712
22770
14954
696
17249
21914
32639
2194
8132
11999
32681
24166
11405
10737
17771
5758
23921
11268
8246
1362
11414
8181
898
29773
4680
24369
23581
29140
9453
8659
20418
25221
30011
14860
6893
14268
31400
7880
238
28508
9250
2446
572
16588
24833
11176
19725
6975
13882
16005
7203
22841
13269
29531
30697
19791
24225
1552
3518
3118
25126
30555
4497
6110
7899
12839
23982
20552
26777
8248
17623
19702
2384
29200
19095
1051
23545
7700
13779
25299
5067
23275
12706
15019
946
6439
28767
10340
31229
16423
1276
22516
1110
12859
26264
18894
12280
23562
21076
32099
6684
21297
32611
9449
25780
18477
22881
18011
25436
20347
13542
28097
5262
17917
12890
21681
15125
21664
17163
8982
11204
22332
1148
11568
9063
10940
26113
21212
14586
9854
19592
25622
16409
17661
10426
11964
12216
16301
13123
6548
24852
8742
17261
28817
15081
6277
29684
18002
7398
32015
2582
3820
8030
26904
21225
22505
31552
19748
27377
16785
11849
21579
9202
7528
12152
5858
32003
22007
18371
24663
24804
975
25352
3165
7825
21452
27974
16201
20503
8855
4109
32188
9127
29038
25651
26499
15081
6184
27593
6587
5266
22643
26701
31801
13369
13921
24865
32297
31847
14883
28220
1524
28397
32532
6944
6248
18298
13305
30220
31507
9324
28806
8050
21999
12775
1061
28075
6213
2852
8692
30954
9419
17932
3596
9071
2319
23814
12297
29181
17433
27405
11975
18573
24652
28165
31081
24388
25742
847
24992
931
24745
21147
11050
31230
6384
6909
13464
4911
5413
5700
7509
19083
5786
9863
3300
21
14743
512
32617
8946
17916
20765
15211
24605
29479
29397
21720
10588
8984
23353
24905
10355
22739
16459
16776
29335
28166
2322
9296
4133
19436
13038
9811
11412
11121
8490
13185
681
8343
2768
3464
22761
29976
31425
7063
8788
5709
5636
26472
5968
6734
7263
27517
23268
8283
22308
5802
38
4219
27214
10451
1015
32354
15308
19703
3821
13208
25885
5229
5009
9432
25373
14190
7371
22199
30751
16084
24730
30086
29755
31521
27400
9336
22506
27843
30046
18440
1232
407
15764
20373
28888
19371
29195
16975
3974
5448
1407
4951
25993
30256
32567
290
31376
20004
7038
1055
7519
18601
20567
4249
11810
19980
2669
12254
25345
1444
13897
13473
15092
19799
27079
3741
4825
19039
16843
379
4292
30542
18480
17142
22934
21328
30209
17469
17617
5809
9708
10904
682
4255
2803
15183
26720
4656
32613
16072
22221
2727
16397
7919
28475
14579
26537
17626
2680
5752
16030
31150
9773
24338
13033
20156
15467
23127
3161
20720
14727
18973
12539
2924
1064
8765
3542
7536
19358
28054
30681
26493
4213
1108
6418
5050
6986
30578
15905
32150
21982
21885
6123
15535
14953
11419
17811
22259
19761
28109
15014
24068
21594
5489
21909
31713
16896
15627
14953
12996
1155
31300
17842
21574
12578
12083
11200
29641
15564
12252
6166
22551
14130
24822
24860
12359
15393
13298
9236
4065
3855
9272
23887
30274
5364
6580
20641
25921
8283
21649
22034
19218
17336
17988
24278
17259
7676
31693
18048
29670
21863
32057
17522
1959
13469
18028
4504
3646
7677
15645
5718
16846
18734
18466
13502
30831
32506
27630
775
17618
18272
4184
2618
2596
15844
21406
23855
1844
42
3753
7096
7383
27331
28306
13852
21388
6215
18278
1223
25692
22180
1062
2111
18692
1717
22546
25946
5974
6679
5415
29103
11229
9016
19431
25674
26560
11184
6232
32420
1512
17621
16463
16850
19301
1673
1774
1020
5902
28759
22892
31249
5224
24767
14612
2489
5578
5837
1681
30603
22974
29169
4712
17793
16297
25610
5830
21928
12207
18884
32380
9500
14801
7460
7496
13108
12376
13921
15702
26874
16759
3830
9734
5342
21548
15093
32752
20139
11367
3230
14886
22457
6766
5680
21688
19301
14720
32255
13438
13246
440
22727
25617
22145
12597
32320
26139
20040
20600
3058
31953
17406
22029
2635
2749
23702
11630
26607
28865
12028
9508
16207
3417
22092
2095
6781
16672
29763
26280
10559
7318
14323
20901
7522
6944
15546
3677
8528
3920
21876
1165
7397
9319
6128
27674
15487
6424
15521
32247
28244
6031
9878
11337
18953
20146
10156
9673
5760
12455
21763
10346
25073
31382
32686
26429
24636
27056
9647
1937
893
16752
28450
31070
737
1824
3000
12004
17337
5792
1127
30607
22733
29795
21856
542
3059
186
25666
18948
9696
28757
9869
29710
26685
11782
3161
24135
28158
2505
840
26393
26095
22786
9657
12212
23439
27653
27198
23988
546
31963
26449
8189
13826
31556
32578
31466
10294
23032
2164
8104
26693
16690
17865
21212
16460
19055
17243
9868
5967
10611
27501
2876
19917
26254
26529
31831
18583
3613
8811
19409
7650
31059
31941
20747
6298
5178
3108
32503
1529
17652
29867
9596
345
22599
13215
25116
12870
5977
28188
980
12504
27319
6150
26179
1087
11932
1857
2063
28576
7281
18213
24709
288
28048
16428
14463
5950
6989
2030
2699
20581
24631
27984
11849
6337
24219
5368
21269
19027
4170
14852
3558
4928
25500
26363
32374
5743
10677
15107
20388
31314
14855
3925
5910
23044
28440
4335
22562
19605
24710
8840
11759
30370
32328
6857
24791
23080
28982
12986
27408
22681
25804
14459
12428
6960
7723
23092
28189
21890
1120
7502
9181
5719
32233
21988
32461
6839
18293
12916
1468
22344
10220
12251
3435
11223
9647
2432
14318
30004
8481
31183
853
28995
30822
24297
11148
10576
6251
6041
25472
22179
7974
11403
10627
30036
29471
6584
15090
31073
29743
19493
27413
23038
10631
10189
24902
26412
4341
10715
598
7565
29539
31517
2348
27767
25249
1718
4783
8775
17508
26899
8423
29432
3726
19232
22878
19700
6319
32187
717
28713
9932
26985
1524
31584
4448
9799
30154
25546
11937
20548
25302
2780
24836
27534
32221
26205
28419
27978
19901
28350
2078
15496
31897
18345
6944
16246
54
22236
24995
18643
8613
15672
17622
31143
10275
26133
32638
27442
11069
8409
8507
13602
20536
30921
22285
9225
30383
16159
7446
13325
6270
31580
15778
9186
24799
13791
16740
13301
16083
20663
13570
26090
30404
25270
26581
20553
30568
18630
2026
23156
30184
24960
16204
29917
5442
9979
13957
8565
7404
6882
8290
24680
698
14538
13047
21767
19457
25282
12771
14085
2557
31787
28117
25575
30064
9930
23887
9398
28044
22043
12970
31735
24083
11496
4955
4061
20669
22811
21620
1212
11738
25041
24686
23489
28728
7087
10789
10721
20551
14201
20772
15119
10875
7904
23331
30130
9458
5020
9934
4694
22615
17595
31688
31649
6
20025
23536
27273
30064
22224
31203
4805
31425
16401
30914
29569
6337
7348
22837
8278
5112
24877
14255
5753
15638
640
16372
29235
8338
30549
31193
6289
22928
20303
21323
10588
3080
21658
2963
19787
18981
27587
25560
13432
26859
9677
14566
22801
2077
14465
27182
23120
20830
20741
12813
941
12950
29872
21329
21586
6039
25629
16377
6863
26369
13438
7484
30991
18018
4915
18637
25738
27042
26524
17246
30397
29087
18219
9315
8663
7700
28605
31512
7606
22207
15402
16581
8465
20419
18202
16448
15095
19787
12315
5812
24696
19056
14065
12706
674
1885
8493
28197
16559
17072
7682
15738
2684
8740
7251
29375
18237
3693
18192
7675
21616
1636
7107
6239
28943
11620
20326
9676
26890
6388
30072
20373
5364
8614
7504
23685
508
15167
22960
2596
22048
6167
26269
27446
17565
7107
24942
3973
9898
24818
18212
22752
3173
22165
11513
8548
23054
14403
26428
5882
17779
26075
4699
28705
18347
24171
12866
24046
22279
25168
23523
24400
32070
159
7446
22937
7688
5060
5796
6714
390
29033
31902
9678
30591
20890
28916
30811
9846
12582
27714
6868
23322
13128
10477
12770
27654
18054
17519
27107
1450
4314
2799
25652
29321
26384
8469
2475
13222
21359
28
26216
32056
28571
30761
29390
27557
5562
11483
28108
1198
11478
16419
11361
22759
5250
8022
607
22891
29633
9856
10351
13773
28451
3580
17237
22098
2609
22081
28789
18013
14347
9727
31638
9002
24400
20075
8679
25279
21822
27094
1599
1824
5147
18565
15017
4547
12499
8125
800
19267
21474
12061
13719
13144
14708
20529
23357
11527
31947
9283
30462
15126
13026
21620
5453
24771
6224
6156
2337
31414
22126
29967
31293
9267
9148
28433
10421
31892
17281
6218
2478
24823
10418
14573
8549
28212
16405
182
15987
24338
9638
30402
31311
6842
18746
7076
8980
1899
18018
29109
29316
30064
29586
24491
13901
13903
27779
8558
19852
13380
7125
15143
8080
7661
2041
8857
28640
31303
26446
4788
13183
14553
16266
15719
19310
4655
5212
20407
18547
19594
26960
31758
7193
14550
6898
32469
23288
31708
21302
20804
29750
30649
7447
32377
590
27023
23423
20168
6416
3962
10087
15699
13546
27334
22847
27610
12133
29279
16784
2260
23794
18824
21728
23486
14311
20176
20182
27571
15557
5954
4254
29757
23484
10717
16015
7275
9073
3908
24843
9251
2302
2486
3239
31674
28986
2367
21900
31170
24380
12336
4638
8995
27674
31694
12507
14702
27638
25927
9605
877
25660
3818
12675
1023
14117
20886
2949
4898
10368
15987
10855
3410
8113
26849
14168
3346
19194
3246
27451
25288
2041
25740
23373
16077
13682
17602
30984
16837
21071
20001
18760
26412
3557
19770
5805
32306
11641
6606
9024
9417
27395
2694
7513
30972
12593
20708
23488
29826
22703
20858
9490
9875
19110
19546
1638
16378
11395
27085
32049
9580
30969
32584
30823
31768
10825
8347
29923
25727
22977
20844
14601
22406
30850
27364
29610
22985
1415
2472
16935
31027
25827
6155
25050
18636
15434
18562
4273
20177
30931
5208
24860
6410
25084
4770
1322
27480
24047
15222
21743
15502
19204
27480
5160
30081
4742
15093
15138
9827
22714
32532
18135
9804
28189
1225
21594
20762
26094
24043
2934
22395
30188
20937
7314
21832
865
17945
21976
8725
351
13361
5015
4102
1098
32378
4069
3300
11926
14881
21896
22895
23250
16655
23063
19190
9958
8220
860
19238
17561
13695
7165
2592
13142
5001
31579
5838
18223
31636
25787
20854
8482
1334
24996
27791
31899
17850
7047
28628
30267
3024
30886
29080
12248
899
46
31321
30149
22124
18854
18071
18771
7205
31629
23270
29847
12033
7487
7747
2926
14586
16409
28324
32191
3307
17373
25555
7936
8192
14936
13435
18172
14186
11842
29059
28627
7767
20837
2972
30018
30753
22018
22294
22820
709
30576
504
12601
23960
30214
12367
8743
10293
2619
12998
3006
3514
4876
2935
19072
4148
926
13569
12897
10327
21541
24539
9931
3443
31236
6632
29669
14755
11062
5195
19733
32328
28908
31612
5316
15541
19831
5531
20833
5932
31081
6917
29608
11786
31735
32038
21028
15678
8866
3982
32242
11775
7191
18246
21705
28863
14931
1124
29751
13146
8202
6621
29229
18324
23882
1947
32446
19906
16220
6863
21284
30663
22507
26761
4612
30786
32615
22150
31987
29190
22188
9800
9016
31691
3039
13932
28115
3107
26265
28217
11455
25007
24392
1909
2421
15250
17874
10876
689
30246
15227
4243
21880
24558
1032
8313
30554
23244
29220
14655
1525
7540
29444
8026
20410
10529
32071
16375
23028
18311
26400
16014
2053
9480
26550
186
18419
23338
18379
11336
26660
32585
1436
19341
31334
2441
28681
3069
26675
10255
31990
19194
7218
21105
24305
25834
25856
12650
7701
31372
30001
11987
14382
8332
9362
16846
3102
11605
22193
19269
5247
6438
10912
5779
13705
9320
22517
21120
8758
14399
23829
5747
7333
13663
25267
18403
5564
9505
30867
29711
28690
213
3988
29167
27148
858
21741
24682
29510
14573
21175
21705
28980
16703
31148
19820
14089
30666
30766
15547
13527
30308
651
16480
8696
9749
28799
22708
9902
21030
21498
13430
18694
29050
27940
25795
8450
6690
8094
3394
6134
21291
19723
25760
14131
14522
14544
6460
18915
9820
22807
28195
22068
23447
14618
9278
12729
20165
20638
970
13581
8738
29885
6665
21177
28451
17897
32567
5463
23561
16174
14528
18680
12215
19127
2992
21444
22464
32660
21355
480
5317
27835
12446
18581
16638
5452
9333
17582
25878
537
27663
30753
3900
3173
12335
2802
8311
17900
23860
4949
1081
8740
14155
10515
1592
17603
32483
18478
14969
6529
14689
18120
11181
6431
29205
25153
17345
24488
1901
10144
8881
30711
22633
15156
22429
121
26191
17275
12318
3380
16032
31554
4570
27400
16714
12046
4694
10293
5919
10683
16652
1566
27782
21603
22462
14413
17521
3457
17673
5302
30607
31574
17725
6464
13250
23948
32108
27265
4051
8730
19649
12233
1893
16743
18451
28771
29479
9650
5050
22039
20814
8625
4002
30963
29251
14968
2462
6220
23960
18589
27134
25855
833
13466
3683
16636
3329
21106
18130
6150
25634
8344
10504
13748
16233
28172
11789
15548
19785
11207
19980
9072
20055
27993
3682
22921
13310
23761
13813
31524
6004
9693
7111
13578
7404
7218
17355
15924
5902
8494
15863
2703
32420
3260
31642
6908
4758
7545
3824
3739
13336
13333
2291
22857
21282
24059
26997
17255
32544
29492
21868
5854
28652
19336
1933
7519
6905
20199
12060
21488
10449
25864
12546
30628
24257
2128
32544
20393
20690
32757
31203
22664
28668
1379
4120
13481
18583
22751
4354
1558
1298
2410
25770
5504
2279
29672
7799
27271
14286
15745
7678
14646
15666
19784
12827
18637
26593
2330
29249
14276
28167
22985
16910
16652
11613
14970
13091
26264
15262
22348
14642
9500
23355
32571
25688
5397
10319
27971
5550
7433
4565
11464
25115
6416
29465
7477
5996
7059
24940
22756
6054
11092
540
830
32410
8878
31907
16931
17851
5151
23839
26252
23085
22531
31490
2158
22814
10146
14347
6626
26201
26989
11125
13700
20760
4741
3438
11288
31514
16765
30410
5492
13814
30305
18681
26778
2735
3063
21046
24356
8072
22084
514
10213
12314
2642
16849
11469
19363
21297
17923
28685
19873
14396
27413
17532
17568
14493
29465
25913
15184
16404
14179
12434
6106
22772
8838
2597
1396
16238
1663
10309
7220
14865
9007
20640
15137
23442
28943
18462
18576
4553
1055
31244
19630
9725
6943
6777
6745
4705
12034
18400
31284
20702
5792
28680
3066
1811
4779
31785
21010
13211
21988
2128
7012
16526
23950
10756
16236
8010
11811
2602
24716
20851
18503
22054
10407
824
27130
19523
13291
6872
28689
26453
7662
24933
27623
28061
25853
10441
16720
26348
6065
4870
24782
15883
194
24258
29192
4443
17696
23810
631
30393
10304
29750
3171
13988
27316
21622
27150
17058
30463
16651
2351
27359
20647
4913
29345
5912
31116
23067
31325
1719
16759
15416
11174
23616
13302
32181
17795
30699
6248
20547
23410
26003
14420
20506
28251
25038
24575
21053
4547
14942
19773
26624
28994
3528
135
15304
18999
11842
9294
11027
11706
11218
32399
16824
7890
18869
8360
31343
24808
25342
18794
26771
2684
639
11631
12071
12311
12780
6573
26904
15233
17470
9292
26305
17203
8022
24501
25780
30223
18659
17388
8120
28495
14981
16927
27150
1724
16691
13951
9721
28960
27610
11342
18813
17661
19782
10297
20326
14207
5446
27881
14732
9648
17675
28117
2134
15851
722
25690
19325
23955
20675
15117
12306
30468
11032
17232
12227
5066
20865
26915
17754
18194
16327
22845
19078
9309
6576
19804
25310
3708
3620
29401
6179
29368
30093
8063
3013
17489
12164
18589
25001
19498
937
28762
18474
8386
2514
32073
16734
23142
23913
12349
4506
22437
8207
11359
30520
9733
3973
17789
3991
25332
13005
2213
3428
10497
25228
13043
9240
23884
12467
2727
19650
28987
29534
20090
18439
27759
30461
12083
359
21239
7089
1909
14274
15299
25081
17883
3866
11099
10893
15687
28570
1745
11658
20342
21975
13043
27856
9688
30807
13254
9640
27807
26192
24624
1451
17430
945
32245
9951
23605
1638
23013
5922
28274
22744
12371
28364
2521
1460
31176
14992
25951
4334
28665
15523
11380
25093
24311
18720
31191
9096
5798
16812
29870
15321
4208
29782
17366
17201
7482
25024
19320
6884
12183
11908
26845
2535
5692
17361
8323
655
15029
25429
29296
30107
14422
12896
18630
22133
24435
70
13464
13493
30932
19461
27900
3815
23907
19751
17505
17038
13864
1002
2083
15721
30839
5279
32349
21492
29288
29264
30207
24882
31624
7333
7456
5034
7630
29960
4501
2991
19153
28424
24514
12005
28983
8187
25520
21761
1649
29160
16480
12752
22694
32164
24927
8315
15596
20538
15003
13321
28094
8080
14965
12581
11691
12872
8727
21794
587
32485
14344
3644
7031
17967
2301
2337
15033
11480
10995
14256
12034
6239
13946
13568
14491
21301
27220
10916
26974
15391
11582
6957
21798
1243
25102
13809
9860
17414
16894
6155
27572
24125
12616
7843
12239
2691
16883
11888
13377
30178
22764
5242
24190
19029
10584
25637
11761
7398
31273
30315
20021
1812
27119
28265
6536
28535
9457
26397
8061
17831
16765
11886
1009
13657
13948
12652
19007
5323
8265
32218
24760
4707
18372
31978
77
26003
8098
19271
13455
1791
11271
21080
8154
13282
2134
1732
20428
16557
32584
28721
13820
32498
26939
24146
6377
14977
17613
28448
4401
4561
15786
19047
26372
11681
5538
13957
25559
7134
9215
27246
27741
20936
24341
16628
30387
6481
9242
12614
12507
28101
12600
12470
27499
2992
1505
25023
7302
14333
7523
13382
3852
603
14268
23328
4622
1765
9391
15061
15493
29441
17687
13731
6467
20872
13948
30918
20265
25128
23780
12023
6555
7
16107
15411
9521
23465
26646
26301
9391
3092
17765
4454
12856
15154
12327
27404
20670
29046
6930
14177
8637
17602
5523
5357
9001
28297
6499
25687
2469
3377
22107
13536
2805
5307
28809
23088
11446
12965
25731
3925
27468
10511
1531
19209
19741
25886
19604
10547
13821
21662
25332
3505
3816
16107
11291
25685
5623
9489
13043
8749
27277
27954
14376
27656
10705
23848
21049
1589
12130
10348
21456
29070
20038
5430
27727
22966
5667
31974
13995
14494
30897
11171
10877
21326
25455
25410
9046
29666
8597
1385
29267
1234
6730
10484
11762
29047
16152
7831
13348
28619
16029
10437
4772
6001
20355
27345
18822
27125
10162
21332
7187
12372
29635
1486
25556
20927
25272
1936
6637
1948
6635
13273
2733
4814
9541
15167
26466
22070
14256
12880
10866
31353
20431
29562
423
32516
5356
22568
13003
23630
50
3374
11893
7005
9756
1639
17698
1676
13357
21916
12935
22411
30434
26792
29478
1703
31717
29402
6176
8012
9347
1435
3402
15816
15456
7249
1410
6737
26729
8067
324
17738
523
9021
9080
30914
12962
25782
18574
9022
25397
19248
5069
4024
21600
28704
26344
20199
29329
29327
30675
17857
14968
6592
30932
1343
16824
2835
1757
20320
14307
5929
21017
28016
29605
25161
13509
15242
24639
27650
11329
3420
24375
14866
26727
20522
29262
10887
25883
3605
16819
12580
16931
13982
21110
1030
19770
20582
319
31624
29279
30775
5440
10595
1651
20808
32616
27418
8195
19133
6618
31637
29283
24174
31645
18443
24316
11497
13461
3110
12518
6842
1458
31074
14010
21226
26983
28087
11937
21189
94
32119
14513
25312
13930
21625
17274
8539
13245
12919
9947
356
28251
1717
24859
25596
28622
28387
10804
11774
8987
7493
20850
32605
16118
27153
6461
28589
8242
5145
1331
29669
10363
29865
20091
20835
30023
10931
29269
16944
778
297
3829
11910
4265
5291
657
8079
22322
31842
185
20336
27082
31276
4583
31366
20967
30201
12631
21999
15295
18549
32024
20301
18176
6375
11364
31174
20417
21080
16429
19536
17336
29689
8696
5419
22446
16575
9454
18094
12593
4688
7472
327
22665
21282
364
32446
1773
25569
19118
17081
9462
28690
1656
13445
3411
30199
20244
1555
26559
1458
7721
3137
12336
31660
11661
27739
15953
14904
23130
17122
24883
9844
15940
10124
25407
27760
29481
12939
2672
20115
13546
26386
26815
1082
21882
10006
4318
27553
14132
5202
808
4871
16754
653
26329
23821
859
24351
25466
17504
30972
12722
11936
663
9883
6726
8662
7775
32327
28792
27864
9429
17332
26627
14338
4659
25158
24199
19207
11695
26988
13961
3046
23712
9007
25531
27162
12515
30987
3198
2577
13949
6909
25766
17632
17537
7389
9597
20533
21813
32238
18186
8845
10608
20148
24211
26535
15174
26885
18016
6456
17383
28259
29378
4064
22725
137
6228
8285
25589
26692
1921
6399
31704
7812
24902
13147
24058
27571
2361
20036
4410
4421
30923
1015
29484
12689
22474
28822
13499
27103
32298
15576
2579
21186
17156
16638
4542
23208
15583
21513
14092
11951
22319
6954
5049
9658
24859
28026
5322
25029
31107
8171
26296
7029
31810
19838
27856
19443
21680
28599
18394
10491
22891
23375
12281
10032
5464
29992
9682
30387
8676
13190
16112
11763
30352
16251
4455
5831
20908
19107
696
20922
7778
27922
32245
17317
31735
8075
21798
388
19022
9714
20970
11906
24494
32260
14690
86
19396
9798
18250
24018
19436
20795
25705
19385
21676
22746
7212
7122
21633
1599
5518
4666
5087
417
4922
29950
22131
32388
16116
14825
8619
30768
17461
18075
19576
4705
32277
30427
15443
29248
15470
23855
29566
9106
25663
29097
21644
24112
28494
8963
16163
16311
3858
32239
27137
19840
30415
24232
7741
21203
4355
24781
14287
28503
9217
367
3923
27085
10716
10089
12554
6910
24454
1519
1314
1266
20281
3434
19767
27235
23062
24195
6937
31345
1293
29566
9424
25752
3324
29642
6621
26846
1563
26070
24003
14417
2711
13094
19398
14768
15485
12965
26611
1641
7898
11581
8544
13251
2593
4261
2485
15453
16332
17530
9707
7639
24902
21906
15444
32463
19977
27533
17372
28943
11523
15532
22670
9220
9535
29671
22874
7027
2497
15673
4885
15975
31922
27711
7361
21102
19901
28929
18703
14084
6072
3856
20770
30032
24967
2769
7318
30734
17981
16664
19137
32717
26757
23800
24888
10074
13633
8154
17301
3196
14704
28621
22648
28897
3925
8221
32716
26457
9942
10279
15948
24898
27938
15467
16965
12355
6038
32227
9629
20542
5602
13204
4372
3455
28519
16994
9418
23354
4068
22312
18946
28212
18258
30472
21029
28608
268
27136
1802
23789
30259
13246
4212
26110
24401
3766
21212
25114
26940
7537
11121
11077
28990
17960
11614
30351
19570
27793
17483
31883
7793
32249
24614
1539
814
915
3619
12522
4127
12048
8961
402
28830
5487
23184
5152
8590
3095
4208
572
4161
23587
30235
20749
8345
16381
27173
31588
24174
24366
21699
27703
24112
15476
11659
32082
4302
18965
3706
20041
3798
6260
30779
1969
7901
21218
11174
24207
31521
32438
15496
27665
6765
12448
16802
11644
61
11322
17908
16486
22563
8672
24379
12069
24681
32450
3512
24967
26616
823
18739
1476
25464
4949
24384
1456
23993
30142
1729
23605
18258
29884
19628
24321
27016
5521
15886
20604
113
23048
29520
19965
16473
16464
24761
28221
19044
29962
4149
9228
21621
27553
10325
14658
2127
20698
25750
30201
24058
2988
25318
18425
30057
16465
27236
32372
13145
2461
3944
28148
9596
23695
22723
4241
29143
18982
19016
30311
21864
4981
30859
6727
30221
17402
2536
28333
2977
17964
18631
14066
9320
9811
11039
195
2221
30620
29497
20946
425
3949
19895
24011
1959
2806
4308
22666
7014
21257
237
14475
20159
4651
15937
32162
16519
20715
16373
20460
4023
11378
91
2821
2506
23388
15987
2427
6247
29894
30898
17539
12864
11688
1283
7147
21306
102
27148
23120
16334
29345
23986
18833
6063
27987
3295
27523
31661
23323
4226
10983
19161
213
13272
6297
15082
17518
28651
2314
20447
22006
16472
9711
30438
28407
13652
18491
18557
7174
26353
11851
13783
17559
11678
25185
9601
25878
17389
25940
17221
12083
13722
29062
1871
1149
16328
27157
14478
32562
1677
19030
28253
32085
17329
10623
21859
25090
21171
9891
15287
255
15885
20708
10312
26771
12729
24548
381
32155
30452
20604
1816
7642
23874
14769
9056
15505
13490
28131
22399
11599
15715
15432
18217
4363
12359
26265
10110
6512
17703
7947
5426
5752
23016
8833
5611
572
7948
17152
18666
32523
28028
30307
2798
31673
10628
15696
4437
29241
22303
30314
16517
29806
17269
29128
16778
31551
26530
22695
6912
11242
26809
15707
20788
1946
22792
26508
20870
14651
7838
12446
11538
30093
8971
1137
26255
8567
12391
23115
22390
12959
8086
14866
28775
32311
15305
8639
22730
27162
32584
24335
12722
13335
3440
12667
6
17292
3575
18539
482
14647
19832
29095
29499
12618
18219
3086
1474
27581
31731
4746
4107
20200
15007
21315
14319
30801
15721
10003
7215
20419
16579
15675
16729
20640
30548
20308
17904
32119
32573
20872
8647
12761
15520
29441
29870
18025
15715
674
10320
15155
2609
3061
26972
23615
2242
16485
15331
5221
21341
174
12034
25186
10651
6801
29632
9260
24173
3788
23353
11395
26464
29513
32765
22217
28960
17814
7859
3347
7483
16789
25090
29824
19752
4213
9649
13258
7816
25568
29964
2074
31915
20854
18570
7201
27478
635
18094
21860
28356
3020
3115
3031
13546
536
16203
24494
25600
7756
29329
8560
12860
1615
6814
77
10977
3568
6993
29361
17528
1053
12338
3353
11357
24661
13329
15142
27518
25695
3050
3823
18528
1597
14604
6812
2659
13916
22138
2097
582
22029
1426
25511
31725
29241
3564
19265
32098
5711
13445
31261
30491
19330
3613
24842
18811
6194
20701
16793
17306
5031
26941
32631
32585
25093
22053
7161
15953
11388
4178
4089
11516
27072
252
30689
11735
2745
19382
17925
4789
24443
28565
28470
26359
18552
916
17811
12043
2036
4663
30115
16691
18362
22639
22945
7048
9998
27582
5911
23358
25826
2971
15023
14633
31309
8728
17989
12160
14648
14274
25920
11490
17243
24265
15139
30870
28008
22881
95
11287
25221
32615
24940
26064
7168
10056
21527
6436
318
5663
22302
8113
17397
15133
20474
28630
19611
14894
31484
7282
19231
2521
8603
495
16342
10344
2829
17536
4280
11338
23316
934
32460
13237
21275
26361
4065
30608
10625
26661
16511
1423
27445
32307
4637
26016
7043
3594
18836
11910
1581
17461
29140
19907
30654
15334
30422
1724
20507
5947
27858
27928
9051
27841
22449
24169
23768
11831
1733
16142
6278
27796
22712
32344
9860
7499
31682
9707
27889
17613
32287
30823
7169
10831
17089
25416
26704
30926
11842
18443
16246
29009
8220
24723
10971
4719
3100
17098
21709
22800
18452
18315
25551
32376
25041
22720
8244
22401
4428
27335
6125
14631
6948
9499
13472
1610
14156
32304
30714
19120
20481
20126
21061
1866
11520
8066
18237
5048
24309
14369
21791
14606
32566
11983
20996
27097
6065
272
13165
15197
18212
30460
29727
1057
30092
21992
3121
17326
11487
9794
12131
14227
27133
4285
17841
16812
31204
5806
21032
932
14116
10678
15353
21433
15252
26274
11724
28351
23106
30607
32598
2920
30128
24914
23854
12994
1597
16407
8924
513
25825
14151
6963
14719
11805
6320
6882
15617
20786
1760
10565
26940
8082
5841
11137
25240
28820
13516
17871
16691
11627
20615
26392
15913
22873
5265
12995
17939
27168
11503
15563
5325
1210
24840
19476
15997
29257
1214
5887
18896
24913
1246
11836
16263
18213
4794
2527
21299
30111
13076
27830
2364
14612
13374
4570
32296
4743
20352
22661
13082
25117
31162
25123
921
5585
10058
22188
10387
12393
1840
17200
27810
15529
31088
18100
30093
198
17592
316
18194
1566
20291
31017
25315
18725
24317
27333
10734
9635
9448
13853
25313
21277
6078
24335
2542
1424
25048
21411
19916
1638
26190
27807
24062
22946
8544
23637
28247
17246
26645
32704
5054
16759
19233
17871
24111
19847
8460
8449
21506
31507
31633
14130
12912
17926
3141
17333
5971
9566
15481
24482
30765
13862
31840
9329
2668
4772
3445
23752
236
10707
19479
14226
17086
11028
15478
12625
32552
23072
24243
10165
17132
24385
3651
19309
29389
26562
28821
25661
20304
10915
14068
6993
26048
9618
14254
16337
4724
9751
8822
14773
30805
29455
21511
7899
4506
10843
3338
7766
15830
9945
4154
13834
28981
659
27590
26230
26882
2359
29174
22736
2413
11976
9490
11095
18572
24210
6784
22501
19103
13923
6444
26819
5016
504
30509
28610
29147
2742
31397
29575
1602
3995
16872
18215
3428
31091
30433
32756
19991
8015
20914
32150
20787
12083
11931
14429
18073
3855
15133
18901
15220
18928
32351
25499
1471
23928
16592
10352
2312
31628
5902
7052
14451
5196
5127
6708
31233
15432
26206
5007
20242
17136
25872
29366
26153
3405
20311
28426
31216
2287
17358
14026
8572
19239
13014
10213
30161
12406
20537
2828
12457
4164
18446
1292
10353
22741
15069
12891
19861
10106
17667
8432
3325
12548
5463
7256
15320
3710
22285
7
28824
16924
29403
1004
27965
2158
27483
14152
32471
18905
22705
7615
30278
16456
18285
8880
7749
9503
32435
22210
21159
31601
29081
11199
7391
19058
24528
8870
31174
23599
27015
8187
11417
21628
6796
23138
17217
13358
12468
5996
12248
7307
8574
10929
7016
26367
8947
27423
22006
25873
15312
4753
1983
23700
7911
15267
1985
5154
21955
29125
31613
966
32395
1935
9212
32249
8488
10069
31760
25808
24490
20986
3036
16243
1512
16393
5526
17361
15463
22785
32652
10386
25214
13553
8037
21325
21431
23621
19114
14076
7287
14816
20613
30381
25058
29547
16584
8314
249
7148
9264
5306
10501
29850
2540
28025
30009
12272
3673
31270
18835
27392
16144
9100
30467
20746
34
19460
27343
7501
22178
32744
27958
28445
15460
2634
13140
9270
24837
16870
18501
11600
31787
8790
4493
4339
5390
1413
29367
4237
25400
4454
21565
9154
11401
11750
4520
15875
17533
5919
4856
4706
4274
24526
5446
18852
13988
30727
26280
24216
22203
3111
6485
5288
30857
20491
29194
15534
3148
2687
5548
15369
9659
29945
14894
2543
21503
17288
24245
5892
15103
26887
20218
21292
20960
27542
30192
17822
27340
23883
17320
27451
26611
19748
10865
20253
16848
17472
30531
4466
17070
9039
2398
20619
7018
29768
11566
10288
13690
1114
7794
15159
26158
23076
30109
31573
26422
23592
1148
9011
14437
15229
26138
5828
20149
30405
17889
7639
13450
2399
8705
11496
32571
6878
3350
12348
15822
17081
13061
3373
17667
13379
9510
19906
31893
26334
12713
10882
4540
3692
18994
26250
13046
30727
15815
12766
14599
7922
18924
1533
24894
3535
18188
12472
31995
24594
29723
323
14958
30645
9594
19341
27297
15150
23323
13773
26809
28574
485
1117
1657
843
25690
22476
8711
23632
3703
4399
18675
32659
10459
20663
3189
9208
3884
17033
27382
1492
9655
11721
29394
3749
12886
31224
605
9472
15511
7809
18724
14538
14618
12430
28277
24491
1083
800
289
5568
28657
3423
5248
30352
26870
2863
11958
578
30505
3075
27701
17165
7472
25590
31875
26351
23393
13080
23614
8610
23011
30469
28765
27340
32272
23229
26296
27766
28446
14511
32715
13759
19967
791
9654
1489
9349
1674
29833
17173
20426
15055
6079
29347
27087
5617
8456
17405
30307
5522
15436
1276
22343
29314
25836
4618
19343
12945
75
5778
32331
3233
397
12725
26727
21247
31390
21311
2512
22515
15990
25817
15832
149
30876
4992
11996
31203
24041
19765
11556
17425
23183
18166
27914
2080
24922
7918
28767
27570
16437
28393
7946
22301
7663
25354
21234
25022
1343
10432
23327
22672
8454
18934
14876
4860
3541
18570
9119
2547
25775
3585
32107
25915
25360
889
26486
29446
21549
26078
3911
15817
8062
10849
21155
13387
8314
1830
30056
6141
11170
29757
28345
9609
25792
14548
4443
11181
19057
22699
4959
1098
6881
30152
14594
9144
30166
31339
9937
12893
24560
8004
7953
25726
2863
8676
11869
1108
2229
16242
2961
25187
18381
18335
12007
8199
1581
23515
25696
2128
5496
11978
23910
27407
6663
22513
1455
11825
9961
4022
8036
2380
23336
26503
27267
8056
25678
21081
23426
27488
2600
4436
9525
12697
10186
22732
6641
27954
13779
16756
10226
27276
18931
22990
29946
1131
12202
27622
23867
14158
32338
19264
22903
32508
20575
16143
4198
12896
32742
23719
5976
20886
3164
26165
9755
31302
3489
430
16927
30257
22588
23557
9432
6153
14057
3233
24932
23174
23889
19726
3438
30134
30744
22771
29010
24213
32284
2628
897
25821
9980
1464
13096
25375
10968
2942
17932
13587
12120
16428
19896
26669
1520
504
30683
23152
8034
7722
15852
15239
22660
31441
14351
9234
1091
2229
5948
14142
22248
4494
2718
664
5786
13939
5177
4131
13604
12949
4304
24231
14073
13869
30470
13389
2933
28083
4547
32617
14950
2385
14809
14743
2763
22679
21224
265
1756
20080
3967
23583
330
341
16515
23352
32711
31680
13269
3273
11977
28900
26159
30636
17035
10651
3151
4026
26965
15776
14168
22683
13054
27902
6261
10973
4527
11720
10175
20292
22505
16907
12897
25697
22474
27137
5113
16998
1932
1671
8002
20793
20302
16337
31217
1223
25623
1117
28636
29595
21528
29733
353
15279
10289
3097
12550
10626
16055
9676
21597
21866
17269
8046
27691
11052
26864
16378
18376
4042
18160
11184
30665
6556
571
31942
21469
3746
8612
21595
6133
7449
13380
30636
23720
588
11528
19850
28373
5037
5996
20492
19082
24100
2437
18049
15652
20391
30533
23464
29368
7947
19195
25636
29362
26138
26393
26922
20412
8677
30010
19325
3810
3420
9827
4764
2547
2587
18569
15417
20778
2951
21844
8174
20493
14362
24099
15148
14742
13563
31056
31092
32657
20434
5301
19657
22853
31450
20847
10853
7510
20280
19681
16299
29418
2443
31484
29533
7691
13508
30142
1807
27469
30520
26105
27867
32432
13811
26966
9559
2503
591
6553
14788
11546
1478
6439
9864
2250
24581
18629
18911
16499
11073
2722
10957
30294
6862
13976
11351
440
26606
9135
242
25733
231
27363
29244
17465
11864
18215
20714
27136
8908
13993
8449
3612
10384
16728
22090
29320
25026
2212
13567
4315
20139
1156
10955
24430
3663
4542
13298
29121
3393
13667
8395
30747
5820
14744
20343
25201
31728
1948
11725
10889
17818
25351
6036
2400
9175
27216
25845
7112
4154
146
15663
14933
22044
1168
397
2170
30003
30966
25750
32496
4711
482
387
30039
27360
23458
2038
28448
32100
11968
20456
12202
24032
25915
27107
22955
26436
25880
32626
7634
16276
21529
6103
15531
25148
18637
5371
24514
9381
3273
31915
3595
26885
21556
25088
16257
29563
3721
799
21518
5467
13464
28451
29099
8903
14286
18520
3528
26239
30391
30378
9710
2041
23233
24157
27555
6069
835
28414
26510
13771
8637
7833
22491
1734
27490
9516
19937
27316
17363
3164
20226
10878
1326
26471
31955
3958
2375
18266
2173
6447
22581
16260
30052
17809
8209
3626
28422
7980
23034
15740
13861
1485
16476
20680
26920
25935
31346
20974
11199
20148
8458
21268
29126
10101
137
14490
29036
25365
15406
24400
148
31484
13979
29415
24955
6275
25489
2214
17051
9548
26363
21086
30160
13780
9518
32160
8890
587
10351
4909
30818
24995
32693
27310
8736
31463
31409
1702
956
8398
26380
27812
211
2960
13040
19901
21372
25848
6345
4921
13868
23226
14413
9101
25815
11016
16570
29578
14680
24416
4190
14291
26387
10664
27997
19092
6617
6012
15279
6513
31756
4039
21608
12221
26627
20112
25148
12525
18607
21271
26434
22348
28031
29729
20472
19184
21890
3728
14216
25836
13772
566
16713
12999
16154
28907
11145
20013
26297
29661
32650
23781
13987
15144
714
19715
26860
19367
19847
8543
21084
20233
10883
25157
24670
10791
9221
1646
11800
19860
25120
26671
29916
29814
15927
6897
23487
17813
12225
13537
27271
2738
30282
24809
9163
29210
9402
19678
2645
3707
29146
18427
5579
2293
29204
9614
23183
14708
7803
14321
26851
6462
19723
30652
10065
17352
32305
11065
11338
31182
9102
8728
23309
23202
17400
22884
18378
18373
8385
7094
9991
9908
16444
29097
19524
29956
382
30349
31706
25265
7522
25952
5161
26292
14544
29178
20978
467
27710
17031
13314
9149
25718
7482
16913
26198
154
7744
15081
4944
4454
2547
28107
10235
7606
3921
17166
19294
20552
3756
14345
27270
29378
14498
21043
28446
6647
6480
19849
17472
26470
25539
2608
7563
1027
4527
32092
13430
14395
11108
10608
28643
17714
19453
24935
10744
25423
13787
23410
2090
2554
2898
22242
6554
25764
32673
22857
12197
6408
5160
18140
9398
17073
13781
23068
1375
18365
20192
16054
20393
27360
8376
21415
15528
16044
31293
22691
18514
24079
7727
2744
27537
3613
28134
29743
15510
11535
11332
29619
26993
4748
27881
16053
16606
17704
933
25358
15714
10539
2099
3046
18071
3219
16932
3541
7364
13404
4377
32329
8881
20222
9525
23080
31162
28728
7122
32694
9249
31244
21619
32696
8617
5899
4602
2522
14944
10706
15388
30798
27580
21973
21777
16054
11241
1371
30608
16452
30562
4298
28922
20767
23743
27429
19414
26377
31437
30675
24189
15680
9444
28066
12822
28577
8565
27403
21957
20755
14051
8120
29216
291
31380
12099
12515
1260
5703
12609
19684
26426
30632
29311
24137
9199
7713
23435
14072
25253
31476
8310
25423
17556
6023
7641
8982
18870
30206
1814
28337
4394
24591
18912
23706
30935
6162
19198
31503
24657
8280
24651
29192
4864
3262
11266
364
7551
4738
15672
12164
4674
19029
6570
15280
380
22705
5305
10585
10303
28780
6067
30502
6885
25486
16212
22131
28336
13920
29325
30463
9901
26821
22147
15076
26590
27085
17371
26317
14487
27016
8501
8803
20265
32024
18166
23816
13246
18698
20555
27336
14724
9703
32107
28044
4878
29445
2844
24209
1527
2979
9080
19481
456
4661
19441
8033
7707
1533
29843
32466
17409
22235
3209
8315
1698
27494
16355
8383
28451
19771
17046
12619
16333
28566
19652
13388
29291
17439
11326
6110
30195
4614
3912
1479
28521
17233
27804
15205
513
7285
11441
7653
25220
4644
30780
24246
14836
12647
20472
17469
7027
19948
20898
27339
4449
27297
20040
4556
1477
4226
5572
18753
2542
1966
7044
4976
16730
9921
22668
20185
29654
11358
3773
31853
2791
22283
20823
13819
32361
12098
30397
26859
29814
14276
22392
10542
6281
30769
32383
12405
28131
5590
11957
23969
8494
28358
25012
18555
7521
27436
9161
15782
26595
30943
28991
14034
2035
25911
30945
9009
32071
2336
26554
5167
2547
31596
8735
8798
21389
15726
3568
7855
8079
5572
21018
25576
12028
3444
12128
23634
32071
17211
22108
4018
26224
2337
24256
19835
30832
81
17378
18242
29655
10024
2680
12146
16308
3468
29599
12353
21685
9087
24867
20195
25487
22003
20218
3837
15008
28128
1553
27228
11987
26005
27724
28903
3013
10316
5576
9426
20262
28672
31587
26389
13153
13699
31358
2077
19839
26315
513
20673
16968
22412
4256
6007
22188
8205
26717
13768
24418
24116
6990
29185
21455
3298
21921
12588
2089
25991
2269
1342
21212
32749
23658
27538
8493
9304
1876
20374
16157
977
30540
9669
22160
19135
26864
13013
27054
16823
21836
21297
19594
28821
22688
22185
25089
30668
30307
17512
8166
5114
24201
6951
7772
32704
6146
24993
13954
10192
13443
6983
29782
25927
29064
30004
24531
12862
27290
16227
24925
3227
16589
1568
17759
31533
23438
24508
9011
26873
9883
17029
11074
19150
29011
30453
8300
17184
21296
31274
170
14355
14738
25750
8433
4053
702
10488
16474
1841
18982
16267
22145
22113
18923
4477
8490
6180
30112
14498
13611
10001
12881
26474
5766
25899
20419
3345
7125
8629
9982
2581
8427
4424
521
2285
19640
3106
12533
20216
28269
1729
28700
6580
13793
30897
939
23600
19251
9634
11358
28868
2482
31933
22923
4863
25081
568
15458
13793
10078
30504
8307
2634
19598
13207
11633
18867
21361
26327
30261
6428
29780
12821
30981
6213
16454
20785
29975
28961
17090
17870
14673
31624
26255
14501
20563
18732
8677
1310
11703
11726
11729
8993
16535
6066
19674
25385
3920
19536
25829
12443
16518
23884
28758
20055
13673
27048
2680
16780
6454
32569
6943
24272
2560
12375
25996
11632
16048
12761
32400
5380
20043
5441
28149
2375
31859
29491
32537
10278
12081
6700
1244
32279
29169
5488
5308
25772
10702
8260
32063
12136
24336
22878
31634
6865
16371
19098
29807
12742
16555
6382
13379
7443
31908
28832
31377
4419
15630
438
21649
20150
18585
8367
2846
26611
24701
24432
10191
16958
3774
12929
21859
1134
10670
30329
8034
26617
12467
27063
21761
8273
26186
28243
4934
19571
19276
10324
14958
9916
24433
19492
21132
26367
19218
12609
9074
2774
22067
32052
980
30773
20672
31431
9131
11845
20503
29043
21976
30831
26055
4376
7434
22454
13207
17905
32737
5707
203
2246
26708
14683
13474
32611
4688
17708
23075
330
19873
1896
4377
21669
5910
23481
4189
14206
19680
7829
7507
2354
572
16988
7351
10275
13906
15008
8346
22446
29276
12739
6055
16989
4874
15560
427
27741
16677
355
19797
10802
23924
594
17210
28585
25564
1520
8731
2830
2506
19208
20587
8352
7126
32743
18188
31298
24224
12213
6490
32627
30462
6661
15978
27008
7514
10410
32659
2040
8277
30668
12334
10593
31408
9276
4763
31785
109
21509
3717
31712
26417
11588
7270
16036
11757
12089
2637
14044
10173
8605
32223
15657
11793
3638
22427
30361
15882
30890
23395
27422
1319
18577
16952
24639
8480
6605
6470
19470
5906
26398
4640
29786
17885
17137
10316
3621
22474
4729
16386
29016
30578
32513
8753
13494
19419
4481
31171
17935
32739
11375
13858
21174
22754
22487
30459
5173
8331
5038
25922
21822
26131
9316
7542
17125
23190
3512
3878
24077
19638
12240
30132
8480
1925
14985
20057
11780
6309
27404
28521
6218
16813
18338
9432
8104
6351
19913
30206
28329
7352
18055
30871
12707
16312
13566
21774
6634
11811
4929
24571
8515
21495
20838
27882
8603
26046
19164
15966
5369
28854
9727
14101
4530
13872
20970
12430
22236
22070
5772
6857
32004
3440
27391
18766
7972
2633
1556
4464
4047
7501
23859
7635
28335
18645
1378
6956
12849
29671
10915
8776
31103
17496
4483
848
15023
25651
22256
22091
8505
13919
25163
29924
12463
15995
15806
16749
32680
16397
18640
24357
7934
22748
31030
16310
313
6810
7660
10754
30282
26566
22661
7711
3965
6097
16576
15008
32681
9856
26203
1815
19369
29329
9516
18392
24336
20385
32621
16127
22809
28493
29272
32436
9693
26008
30964
12461
14281
19596
12590
30453
30030
19237
22315
18924
11994
874
2781
30608
12552
11229
5076
10234
18196
22549
5975
2859
16785
13482
29876
5129
21854
14929
15316
25765
26326
7240
29202
20415
5447
30197
6477
5004
6821
31690
11580
12727
21376
13163
2818
2213
820
30483
30467
4605
10336
18484
13557
27240
30105
13661
26170
1685
16991
22369
8813
14721
2127
10678
32315
28661
16539
16923
29812
17744
13752
11133
25953
21894
7510
26652
8281
28777
3733
24298
11151
4647
10358
14387
15918
17684
31887
28035
8360
20650
4612
4293
26442
22990
5298
3752
15125
22613
1197
28743
9417
1479
31213
24584
3650
10595
20548
30148
28167
25955
20371
3625
20769
27009
9278
12637
14121
11961
15325
19684
29861
8273
23093
17604
3989
22039
31334
8167
19016
17386
20581
21440
20596
635
32429
29490
14982
5461
21554
17581
23351
21019
9879
922
2912
19729
7328
20729
26639
28382
31978
5960
14042
6033
21722
26023
25715
29409
3027
1595
20861
25017
13996
21456
24990
7412
16225
4802
214
30053
13576
20765
4879
21786
22535
4611
501
26081
13957
18510
23815
268
27934
25719
16366
19570
24539
31159
29454
10422
32609
15979
31324
21708
28264
27581
1647
27320
7023
16513
31705
6553
8878
11101
1207
16615
3149
24621
24711
20729
15059
23717
26170
5322
7649
8248
27786
18684
32032
6969
3214
9245
28536
6465
29324
13354
21123
10960
12558
13649
22081
21047
19000
17915
28941
30645
25432
7178
20431
26848
22207
8031
5748
26438
6096
3488
1179
2645
7510
2872
21137
30840
17947
17823
23168
15235
27574
2779
25059
13393
6052
31303
5949
29099
3738
12947
6155
28268
9754
8460
4855
31459
6213
22045
23118
21881
18928
790
31412
13972
14073
1325
10775
21435
30939
8643
8929
7674
7041
22504
16242
16264
13400
27424
27085
7335
28584
2919
13201
23500
2084
15988
10796
14592
23744
28219
15179
10374
6338
16565
15764
3262
8732
7395
29080
841
16889
273
3843
3438
15254
3672
12822
6076
17747
28006
15704
9457
6154
28802
904
8219
2207
5834
19925
6653
24536
21695
4690
30132
25711
17924
28324
18587
19302
11363
15101
29035
667
24593
18767
10919
2460
5427
9401
7223
19644
6816
25926
12370
13927
30185
27606
12194
27314
151
6748
26787
24886
27315
23626
26189
20767
18060
4938
31218
9088
436
15407
7273
24554
28492
24619
27244
18236
18305
9794
16447
4284
16471
6398
14482
32103
9126
29797
4777
13702
1633
4136
17338
9346
1310
14877
14231
18169
10707
5359
1164
7953
24286
20245
5771
17165
4937
17920
5510
14878
29771
27033
2845
7035
24594
29674
2937
9139
30143
18715
25976
13378
26291
5025
7690
29027
27913
28850
15067
29222
2915
16636
8242
14018
31210
29078
1561
22828
25744
20791
18622
11241
24217
17830
6169
15136
12121
30065
19151
25587
23615
14818
22614
30223
5138
27951
15962
4994
24443
26865
21856
17102
15044
18647
22698
26427
31967
17820
9562
4977
12202
15414
29914
27205
15729
13649
5754
468
6068
251
27739
31950
15147
15009
12173
19989
13576
18746
16244
23175
3452
12226
112
27927
15228
16874
3516
12579
1477
4366
17047
9986
29982
9575
24226
18140
15325
22402
18826
17854
13996
24048
14822
12525
27277
25408
17251
21371
9244
14378
4126
6681
7188
30221
18769
26924
17685
9628
29490
6435
9893
15827
16408
3335
26996
3889
7904
5971
30948
28449
2191
8455
24008
14265
20792
18168
13932
28582
33
24938
28631
11879
29473
10720
9292
4282
20812
29491
17175
20820
4307
10210
25990
22997
5157
681
30005
24571
8794
13653
1934
25366
16082
29142
4753
7612
9241
2454
24273
16317
26126
5897
23231
1113
32581
25990
13099
30897
19881
2901
21768
1660
16998
27145
15472
5883
18694
2319
13544
25135
10713
32392
28388
15945
27547
23124
3726
866
30801
18287
6083
22380
2420
22401
23390
30313
8017
11440
18874
19163
1968
30137
20082
27259
14260
28735
6507
19245
32002
25955
30997
17460
18981
21652
10733
12194
8754
16552
16199
16403
26535
21292
2378
24219
4761
18937
7228
9469
4623
25352
23808
18462
23721
14984
14044
1721
29829
20269
24192
28755
25186
8394
17988
6258
27654
7458
10162
2570
2526
20220
17988
3896
24549
885
20334
8498
15814
22938
31711
5247
27205
28726
22021
21859
15835
9705
18895
18590
20640
8058
25014
9302
16239
2158
21758
21841
19524
16858
19257
17511
24040
29557
30990
4151
8913
13041
31288
3866
23363
13708
3281
11605
3772
16354
4561
31635
12431
18437
30418
402
30671
32207
27926
10524
28270
11639
4554
21817
31654
12387
27532
31139
28056
24637
24876
18042
17972
16457
3503
15417
20312
20726
5530
15337
14908
16819
24941
26516
19981
29955
24941
26365
27096
2772
16038
25742
23978
25869
7473
22162
24310
23142
21427
26788
7222
2940
15398
6503
13269
3621
476
24696
4685
25344
4288
28833
31629
26961
2528
27216
17309
17676
24872
4679
31364
27440
2160
24724
3946
18518
19386
31684
12026
13706
17076
29780
24842
12121
31621
21608
10622
811
17093
22463
12393
26324
11469
24551
13686
11877
17458
30893
21127
5192
396
216
20891
18316
28796
19223
6645
13437
9709
19255
30843
15224
27545
9113
18268
18941
17615
9956
14581
2566
12404
8695
18934
7063
19529
546
7872
3223
15723
11157
20498
734
544
5144
27365
19599
4304
30205
10132
19112
26706
12115
7232
27095
30058
8541
28275
7568
29071
9283
18435
4444
7921
25350
4922
1140
1466
13241
16947
910
5780
16367
9607
29943
22124
4464
5674
10978
30582
22320
30351
28672
882
30337
20243
16976
31533
15495
2456
12345
3914
17388
4208
3030
22082
25302
21630
26769
9130
13590
32407
5875
25781
5795
20526
4794
9721
8774
30513
5932
9846
2198
22830
19884
7124
21287
6586
19083
3052
26623
24595
19488
24458
24905
8196
28699
4721
3406
27145
21270
9376
10912
1716
20077
12500
13464
24911
18512
19534
21507
1475
18966
5078
18457
13753
20692
2560
23471
22782
3119
10926
15021
19756
32622
22486
15297
22663
14548
902
29269
17445
4908
15141
7359
24914
13733
30715
17080
32306
17888
22772
6160
3496
72
10656
30624
1655
10914
23167
2687
15783
5348
20092
28537
16427
7243
8631
30396
28608
25768
19847
17877
26392
15355
19904
30683
26936
23618
11057
3562
24607
32659
3953
17363
11944
31337
17884
7442
22961
20540
19928
15873
19581
30292
25181
25931
15447
14558
6836
6562
28536
30272
2174
24501
27435
9386
30457
3164
19759
21997
12159
1814
21597
11665
26447
4278
23690
32033
14992
25177
20911
31434
22675
14491
24136
17957
17753
7947
22777
12112
